{
  "advancedEditorSelectedIdentifier" : "ProjectBrowser",
  "openSceneRelativePaths" : [
    "Immersive.usda"
  ],
  "recentIdentifiers" : {
    "AF09ED6F-1707-48FD-8720-65B998362C09" : [

    ]
  },
  "sceneCameraHistory" : {
    "AF09ED6F-1707-48FD-8720-65B998362C09" : [
      {
        "date" : 739837605.4606,
        "title" : "Untitled",
        "transform" : [
          0.99927765,
          -9.686163e-11,
          0.038001664,
          0,
          0.009741695,
          0.9665842,
          -0.25616398,
          0,
          -0.03673181,
          0.25634915,
          0.9658861,
          0,
          1.1158599,
          1.0522869,
          2.4408002,
          1
        ]
      },
      {
        "date" : 739837551.287014,
        "title" : "Untitled",
        "transform" : [
          0.99927765,
          -9.686163e-11,
          0.038001664,
          0,
          0.009741695,
          0.9665842,
          -0.25616398,
          0,
          -0.03673181,
          0.25634915,
          0.9658861,
          0,
          1.9149113,
          0.631516,
          2.582862,
          1
        ]
      },
      {
        "date" : 739837549.345796,
        "title" : "Untitled",
        "transform" : [
          0.99927765,
          -9.686163e-11,
          0.038001664,
          0,
          0.009741695,
          0.9665842,
          -0.25616398,
          0,
          -0.03673181,
          0.25634915,
          0.9658861,
          0,
          1.9139112,
          0.5321109,
          2.6092062,
          1
        ]
      },
      {
        "date" : 739837465.364149,
        "title" : "Untitled",
        "transform" : [
          0.99927765,
          -9.686163e-11,
          0.038001664,
          0,
          0.009741695,
          0.9665842,
          -0.25616398,
          0,
          -0.03673181,
          0.25634915,
          0.9658861,
          0,
          1.9571953,
          0.5917473,
          2.595024,
          1
        ]
      },
      {
        "date" : 739837455.150005,
        "title" : "Untitled",
        "transform" : [
          0.99927765,
          -9.686163e-11,
          0.038001664,
          0,
          0.009741695,
          0.9665842,
          -0.25616398,
          0,
          -0.03673181,
          0.25634915,
          0.9658861,
          0,
          1.0266418,
          2.1942275,
          2.1343307,
          1
        ]
      },
      {
        "date" : 739836316.853502,
        "title" : "Untitled",
        "transform" : [
          0.99927765,
          -9.686163e-11,
          0.038001664,
          0,
          0.009741695,
          0.9665842,
          -0.25616398,
          0,
          -0.03673181,
          0.25634915,
          0.9658861,
          0,
          -0.27531672,
          2.1943266,
          2.0847912,
          1
        ]
      },
      {
        "date" : 739836275.503423,
        "title" : "Untitled",
        "transform" : [
          0.99927765,
          -9.686163e-11,
          0.038001664,
          0,
          0.009741695,
          0.9665842,
          -0.25616398,
          0,
          -0.03673181,
          0.25634915,
          0.9658861,
          0,
          -0.25434828,
          2.180711,
          2.089202,
          1
        ]
      },
      {
        "date" : 739836171.33569,
        "title" : "Untitled",
        "transform" : [
          0.99927765,
          -9.686163e-11,
          0.038001664,
          0,
          0.009741695,
          0.9665842,
          -0.25616398,
          0,
          -0.03673181,
          0.25634915,
          0.9658861,
          0,
          -0.25434828,
          2.180711,
          2.089202,
          1
        ]
      },
      {
        "date" : 739832542.383793,
        "title" : "Untitled",
        "transform" : [
          0.99927765,
          -9.686163e-11,
          0.038001664,
          0,
          0.009741695,
          0.9665842,
          -0.25616398,
          0,
          -0.03673181,
          0.25634915,
          0.9658861,
          0,
          -0.43440247,
          2.107693,
          2.1017346,
          1
        ]
      },
      {
        "date" : 739832333.319822,
        "title" : "Untitled",
        "transform" : [
          0.99927765,
          -9.686163e-11,
          0.038001664,
          0,
          0.009741695,
          0.9665842,
          -0.25616398,
          0,
          -0.03673181,
          0.25634915,
          0.9658861,
          0,
          -0.5139682,
          1.489073,
          2.2628927,
          1
        ]
      }
    ]
  }
}