{
  "advancedEditorSelectedIdentifier" : "ProjectBrowser",
  "openSceneRelativePaths" : [
    "Immersive.usda"
  ],
  "recentIdentifiers" : {
    "AF09ED6F-1707-48FD-8720-65B998362C09" : [

    ]
  },
  "sceneCameraHistory" : {
    "AF09ED6F-1707-48FD-8720-65B998362C09" : [
      {
        "date" : 739924541.82628,
        "title" : "Untitled",
        "transform" : [
          0.99927765,
          -9.686163e-11,
          0.038001664,
          0,
          0.009741695,
          0.9665842,
          -0.25616398,
          0,
          -0.03673181,
          0.25634915,
          0.9658861,
          0,
          0.85216737,
          1.0288174,
          2.4370022,
          1
        ]
      },
      {
        "date" : 739924536.248135,
        "title" : "Untitled",
        "transform" : [
          0.99927765,
          -9.686163e-11,
          0.038001664,
          0,
          0.009741695,
          0.9665842,
          -0.25616398,
          0,
          -0.03673181,
          0.25634915,
          0.9658861,
          0,
          0.92732096,
          1.027281,
          2.4402676,
          1
        ]
      },
      {
        "date" : 739924532.869629,
        "title" : "Untitled",
        "transform" : [
          0.99927765,
          -9.686163e-11,
          0.038001664,
          0,
          0.009741695,
          0.9665842,
          -0.25616398,
          0,
          -0.03673181,
          0.25634915,
          0.9658861,
          0,
          0.772951,
          1.045985,
          2.4294329,
          1
        ]
      },
      {
        "date" : 739913711.234668,
        "title" : "Untitled",
        "transform" : [
          0.99927765,
          -9.686163e-11,
          0.038001664,
          0,
          0.009741695,
          0.9665842,
          -0.25616398,
          0,
          -0.03673181,
          0.25634915,
          0.9658861,
          0,
          1.7486286,
          1.0459936,
          2.466535,
          1
        ]
      },
      {
        "date" : 739837612.413041,
        "title" : "Untitled",
        "transform" : [
          0.99927765,
          -9.686163e-11,
          0.038001664,
          0,
          0.009741695,
          0.9665842,
          -0.25616398,
          0,
          -0.03673181,
          0.25634915,
          0.9658861,
          0,
          1.1110587,
          1.0460155,
          2.4422822,
          1
        ]
      },
      {
        "date" : 739837605.4606,
        "title" : "Untitled",
        "transform" : [
          0.99927765,
          -9.686163e-11,
          0.038001664,
          0,
          0.009741695,
          0.9665842,
          -0.25616398,
          0,
          -0.03673181,
          0.25634915,
          0.9658861,
          0,
          1.1158599,
          1.0522869,
          2.4408002,
          1
        ]
      },
      {
        "date" : 739837551.287014,
        "title" : "Untitled",
        "transform" : [
          0.99927765,
          -9.686163e-11,
          0.038001664,
          0,
          0.009741695,
          0.9665842,
          -0.25616398,
          0,
          -0.03673181,
          0.25634915,
          0.9658861,
          0,
          1.9149113,
          0.631516,
          2.582862,
          1
        ]
      },
      {
        "date" : 739837549.345796,
        "title" : "Untitled",
        "transform" : [
          0.99927765,
          -9.686163e-11,
          0.038001664,
          0,
          0.009741695,
          0.9665842,
          -0.25616398,
          0,
          -0.03673181,
          0.25634915,
          0.9658861,
          0,
          1.9139112,
          0.5321109,
          2.6092062,
          1
        ]
      },
      {
        "date" : 739837465.364149,
        "title" : "Untitled",
        "transform" : [
          0.99927765,
          -9.686163e-11,
          0.038001664,
          0,
          0.009741695,
          0.9665842,
          -0.25616398,
          0,
          -0.03673181,
          0.25634915,
          0.9658861,
          0,
          1.9571953,
          0.5917473,
          2.595024,
          1
        ]
      },
      {
        "date" : 739837455.150005,
        "title" : "Untitled",
        "transform" : [
          0.99927765,
          -9.686163e-11,
          0.038001664,
          0,
          0.009741695,
          0.9665842,
          -0.25616398,
          0,
          -0.03673181,
          0.25634915,
          0.9658861,
          0,
          1.0266418,
          2.1942275,
          2.1343307,
          1
        ]
      }
    ]
  }
}