{
  "advancedEditorSelectedIdentifier" : "ProjectBrowser",
  "openSceneRelativePaths" : [
    "Immersive.usda"
  ],
  "recentIdentifiers" : {
    "AF09ED6F-1707-48FD-8720-65B998362C09" : [

    ]
  },
  "sceneCameraHistory" : {
    "AF09ED6F-1707-48FD-8720-65B998362C09" : [
      {
        "date" : 740272613.261924,
        "title" : "Untitled",
        "transform" : [
          0.99927765,
          -9.686163e-11,
          0.038001664,
          0,
          0.009741695,
          0.9665842,
          -0.25616398,
          0,
          -0.03673181,
          0.25634915,
          0.9658861,
          0,
          0.73612547,
          1.9488451,
          2.1884089,
          1
        ]
      },
      {
        "date" : 740272580.728246,
        "title" : "Untitled",
        "transform" : [
          0.99927765,
          -9.686163e-11,
          0.038001664,
          0,
          0.009741695,
          0.9665842,
          -0.25616398,
          0,
          -0.03673181,
          0.25634915,
          0.9658861,
          0,
          0.7355542,
          1.8916733,
          2.2035608,
          1
        ]
      },
      {
        "date" : 740272549.976793,
        "title" : "Untitled",
        "transform" : [
          0.99927765,
          -9.686163e-11,
          0.038001664,
          0,
          0.009741695,
          0.9665842,
          -0.25616398,
          0,
          -0.03673181,
          0.25634915,
          0.9658861,
          0,
          0.72948503,
          1.2891586,
          2.3632393,
          1
        ]
      },
      {
        "date" : 740272487.941632,
        "title" : "Untitled",
        "transform" : [
          0.99927765,
          -9.686163e-11,
          0.038001664,
          0,
          0.009741695,
          0.9665842,
          -0.25616398,
          0,
          -0.03673181,
          0.25634915,
          0.9658861,
          0,
          0.96629286,
          1.4702857,
          2.324173,
          1
        ]
      },
      {
        "date" : 740272485.883861,
        "title" : "Untitled",
        "transform" : [
          0.99927765,
          -9.686163e-11,
          0.038001664,
          0,
          0.009741695,
          0.9665842,
          -0.25616398,
          0,
          -0.03673181,
          0.25634915,
          0.9658861,
          0,
          0.9669676,
          1.5370128,
          2.30649,
          1
        ]
      },
      {
        "date" : 740272484.385785,
        "title" : "Untitled",
        "transform" : [
          0.99927765,
          -9.686163e-11,
          0.038001664,
          0,
          0.009741695,
          0.9665842,
          -0.25616398,
          0,
          -0.03673181,
          0.25634915,
          0.9658861,
          0,
          1.2210727,
          1.3272917,
          2.3718143,
          1
        ]
      },
      {
        "date" : 740272464.300541,
        "title" : "Untitled",
        "transform" : [
          0.99927765,
          -9.686163e-11,
          0.038001664,
          0,
          0.009741695,
          0.9665842,
          -0.25616398,
          0,
          -0.03673181,
          0.25634915,
          0.9658861,
          0,
          1.0935514,
          1.3845065,
          2.3517802,
          1
        ]
      },
      {
        "date" : 739978162.830853,
        "title" : "Untitled",
        "transform" : [
          0.99927765,
          -9.686163e-11,
          0.038001664,
          0,
          0.009741695,
          0.9665842,
          -0.25616398,
          0,
          -0.03673181,
          0.25634915,
          0.9658861,
          0,
          1.0439851,
          1.0843918,
          2.4295466,
          1
        ]
      },
      {
        "date" : 739924541.82628,
        "title" : "Untitled",
        "transform" : [
          0.99927765,
          -9.686163e-11,
          0.038001664,
          0,
          0.009741695,
          0.9665842,
          -0.25616398,
          0,
          -0.03673181,
          0.25634915,
          0.9658861,
          0,
          0.85216737,
          1.0288174,
          2.4370022,
          1
        ]
      },
      {
        "date" : 739924536.248135,
        "title" : "Untitled",
        "transform" : [
          0.99927765,
          -9.686163e-11,
          0.038001664,
          0,
          0.009741695,
          0.9665842,
          -0.25616398,
          0,
          -0.03673181,
          0.25634915,
          0.9658861,
          0,
          0.92732096,
          1.027281,
          2.4402676,
          1
        ]
      }
    ]
  }
}